--- !pf.ConfigTypeA
id: iceland_reg_v2
modelling_code_id: qseis
earthmodel_1d: |2
      0.0 4.000 2.245 2.340 1100.00 550.00
      1.0 4.000 2.245 2.340 1100.00 550.00
      1.0 4.815 2.705 2.470 1100.00 550.00
      2.0 4.815 2.705 2.470 1100.00 550.00
      2.0 5.380 3.025 2.670 1100.00 550.00
      3.0 5.380 3.025 2.670 1100.00 550.00
      3.0 5.785 3.250 2.820 1100.00 550.00
      4.0 5.785 3.250 2.820 1100.00 550.00
      4.0 6.095 3.425 2.880 1100.00 550.00
      5.0 6.095 3.425 2.880 1100.00 550.00
      5.0 6.365 3.575 2.890 1100.00 550.00
      6.0 6.365 3.575 2.890 1100.00 550.00
      6.0 6.568 3.683 2.895 1100.00 550.00
      7.0 6.568 3.683 2.895 1100.00 550.00
      7.0 6.615 3.715 2.900 1100.00 550.00
      8.0 6.615 3.715 2.900 1100.00 550.00
      8.0 6.673 3.748 2.910 1100.00 550.00
      9.0 6.673 3.748 2.910 1100.00 550.00
      9.0 6.750 3.792 2.917 1100.00 550.00
     10.0 6.750 3.792 2.917 1100.00 550.00
     10.0 6.890 3.871 2.923 1100.00 550.00
     12.0 6.890 3.871 2.923 1100.00 550.00
     12.0 6.950 3.904 2.930 1100.00 550.00
     14.0 6.950 3.904 2.930 1100.00 550.00
     14.0 7.010 3.938 2.937 1100.00 550.00
     16.0 7.010 3.938 2.937 1100.00 550.00
     16.0 7.065 3.969 2.944 1100.00 550.00
     18.0 7.065 3.969 2.944 1100.00 550.00
     18.0 7.120 4.000 2.950 1100.00 550.00
     20.0 7.120 4.000 2.950 1100.00 550.00
     20.0 7.175 4.031 3.080 1100.00 550.00
     24.0 7.175 4.031 3.080 1100.00 550.00
     24.0 7.260 4.079 3.100 1100.00 550.00
     28.0 7.260 4.079 3.100 1100.00 550.00
     28.0 7.350 4.130 3.120 1100.00 550.00
     32.0 7.350 4.130 3.120 1100.00 550.00
  mantle
     32.0 7.350 4.130 3.120 1100.00 550.00
     40.0 7.500 4.213 3.375 1100.00 550.00
     50.0 7.600 4.270 3.446 1100.00 550.00
     60.0 7.700 4.326 3.510 1100.00 550.00
     70.0 7.800 4.382 3.640 1100.00 550.00
     80.0 7.900 4.438 3.785 1100.00 550.00
     90.0 8.000 4.490 3.875 1100.00 550.00
    100.0 8.100 4.551 3.940 1100.00 550.00
    110.0 8.200 4.607 3.965 1100.00 550.00
    120.0 8.300 4.663 4.100 1100.00 550.00
    165.             8.175          4.509          3.371        188.7           76.55
    210.             8.301          4.518          3.324        201.            79.4
    210.             8.3            4.519          3.323        338.2          133.7
    300.             8.628          4.679          3.401        353.6          138.7
    410.             9.03           4.87           3.506        377.5          146.5
    410.             9.36           5.08           3.929        414.1          162.7
    660.            10.2            5.611          3.918        428.5          172.9
    660.            10.79           5.965          4.24        1349.           549.5
    764.            11.07           6.215          4.359       1276.           537.1
    849.1           11.21           6.272          4.463       1263.           527.3
   1038.            11.52           6.407          4.616       1230.           506.9
   1227.            11.81           6.527          4.71        1198.           488.
   1416.            12.08           6.636          4.812       1168.           470.4
   1605.            12.33           6.735          4.909       1141.           454.4
   1795.            12.55           6.827          5.004       1111.           437.7
   1984.            12.78           6.913          5.096       1065.           415.6
   2173.            13.             6.997          5.186       1037.           400.6
   2362.            13.21           7.079          5.273        995.4          381.2
   2551.            13.43           7.162          5.357        968.1          367.3
   2740.            13.65           7.248          5.439        932.5          350.6
   2740.            13.65           7.248          5.693        722.7          271.7
   2790.            13.65           7.259          5.72         726.9          274.
   2839.            13.66           7.27           5.746        725.1          274.
   2892.            13.66           7.282          5.772        723.1          274.
  outer-core
   2892.             7.972          0.             9.928          5.782E+04      0.
sample_rate: 2.0
ncomponents: 10
component_scheme: elastic10
tabulated_phases:
- !pf.TPDef
  id: begin
  definition: p,P,p\,P\,Pv_(cmb)p
- !pf.TPDef
  id: end
  definition: '2.5'
- !pf.TPDef
  id: P
  definition: '!P'
- !pf.TPDef
  id: S
  definition: '!S'
- !pf.TPDef
  id: p
  definition: '!p'
- !pf.TPDef
  id: s
  definition: '!s'
receiver_depth: 0.0
source_depth_min: 1000.0
source_depth_max: 12000.0
source_depth_delta: 1000.0
distance_min: 1000.0
distance_max: 500000.0
distance_delta: 1000.0

uuid: 453e36350526a7cfbf2114560527953e9f266365
reference: iceland_reg_v2-453e36
